0.03732516182206907
0.03039794515934959
0.14907970639258508
0.7831971866259962
-0.04015962442847383
-0.025135788279603943
-0.01854979449165433
-0.040694760577780716
-0.028150883417010553
-0.038630537293278644
-0.020142958438919313
-0.04709588479715377
-0.0447881211359468
-0.020119897222907395
-0.014271742273787615
-0.04560018573040774
-0.02344819486919486
-0.011812439325354921
-0.022024236923018796
-0.017515449326916593
-0.013609722644746615
-0.026527267922353756
-0.01913061421555072
-0.017749840977615214
-0.02460516025850644
-0.02919379969282984
-0.03431523793289917
-0.011544756780224038
-0.012396332423277914
-0.35278676862058633
